3.015800000000012915e-03
3.085300000002177967e-03
3.209000000005346465e-03
2.971700000003352216e-03
3.053299999997705072e-03
3.047399999999811371e-03
2.955999999997516170e-03
3.660000000003549303e-03
4.017199999999832016e-03
3.663999999993450274e-03
3.333200000000147156e-03
3.697999999999979082e-03
3.717800000003990135e-03
3.834799999999916054e-03
3.459300000002940578e-03
5.069899999995186590e-03
3.020700000000431373e-03
3.118899999996926908e-03
3.064600000001860280e-03
3.723900000004221056e-03
3.647900000004256071e-03
3.796799999996380848e-03
3.172500000005129550e-03
3.103099999997027680e-03
3.046999999995136932e-03
2.861400000000458022e-03
3.148699999997006671e-03
2.958600000006583741e-03
2.998200000000394994e-03
2.923500000001411081e-03
3.130300000002250727e-03
3.026800000000662294e-03
3.369499999998026851e-03
2.923700000003748301e-03
3.195699999999135343e-03
3.070000000001016360e-03
3.555699999999717420e-03
3.600099999999883948e-03
3.582900000004940466e-03
3.250599999994108202e-03
3.617999999995902272e-03
2.939700000005984748e-03
2.916700000000105319e-03
3.142499999995607141e-03
3.052499999995461621e-03
3.162199999998449584e-03
3.071599999998397834e-03
2.994400000005725815e-03
2.986199999995164944e-03
2.950600000005465517e-03
