1.957900000000734053e-03
1.991300000000251202e-03
2.076600000002315483e-03
1.714400000004445701e-03
1.875800000000538148e-03
2.342399999996302995e-03
1.742499999998869953e-03
1.726699999998970725e-03
2.045099999996580209e-03
1.651799999997649593e-03
1.719700000002433171e-03
1.696799999997722352e-03
1.650800000000174350e-03
1.886400000003618516e-03
2.093900000005533002e-03
1.836099999998452859e-03
1.964100000002133584e-03
2.015499999998837666e-03
2.121500000001219632e-03
1.803999999999916781e-03
1.793399999996836414e-03
1.793400000003941841e-03
1.671100000002923025e-03
2.033100000005561014e-03
1.818000000000097316e-03
1.695400000002678098e-03
1.719800000003601781e-03
1.654299999998443127e-03
1.701399999994634982e-03
1.740699999999151260e-03
1.758500000001106400e-03
1.699200000004452704e-03
1.786799999997867872e-03
1.736000000001070021e-03
1.696700000003659170e-03
2.003199999997207215e-03
1.798800000003097921e-03
1.787399999997774103e-03
1.705800000003421246e-03
1.700499999998328349e-03
1.895700000005717811e-03
1.885899999997775467e-03
2.090299999998990188e-03
2.198700000000997079e-03
2.007799999994119844e-03
1.784899999996980569e-03
2.062600000002134948e-03
1.708399999998277963e-03
1.707400000000802720e-03
1.690500000002259640e-03
