3.147759999999999891e+00
3.143040000000000056e+00
3.145439999999999792e+00
3.137039999999999829e+00
3.143120000000000136e+00
3.142799999999999816e+00
3.147040000000000060e+00
3.142720000000000180e+00
3.143120000000000136e+00
3.134720000000000173e+00
3.138320000000000221e+00
3.133919999999999817e+00
3.144960000000000200e+00
3.131600000000000161e+00
3.136080000000000201e+00
3.143040000000000056e+00
3.135120000000000129e+00
3.146240000000000148e+00
3.144800000000000040e+00
3.134399999999999853e+00
3.135359999999999925e+00
3.146879999999999900e+00
3.149680000000000035e+00
3.129199999999999982e+00
3.145039999999999836e+00
3.123679999999999790e+00
3.143359999999999932e+00
3.136960000000000193e+00
3.142560000000000020e+00
3.143440000000000012e+00
3.133519999999999861e+00
3.141439999999999788e+00
3.137840000000000185e+00
3.135679999999999801e+00
3.132960000000000189e+00
3.135920000000000041e+00
3.139279999999999848e+00
3.135200000000000209e+00
3.138240000000000141e+00
3.132960000000000189e+00
3.138959999999999972e+00
3.138240000000000141e+00
3.128159999999999830e+00
3.137280000000000069e+00
3.153680000000000039e+00
3.150799999999999823e+00
3.146720000000000184e+00
3.144880000000000120e+00
3.137760000000000105e+00
3.153680000000000039e+00
3.145840000000000192e+00
3.151600000000000179e+00
3.136239999999999917e+00
3.139279999999999848e+00
3.142160000000000064e+00
3.147600000000000176e+00
3.135520000000000085e+00
3.139520000000000088e+00
3.128559999999999786e+00
3.150240000000000151e+00
3.132880000000000109e+00
3.140000000000000124e+00
3.142959999999999976e+00
3.136719999999999953e+00
3.139920000000000044e+00
3.142399999999999860e+00
3.148559999999999803e+00
3.132480000000000153e+00
3.146160000000000068e+00
3.137680000000000025e+00
3.144880000000000120e+00
3.133199999999999985e+00
3.139759999999999884e+00
3.136239999999999917e+00
3.140080000000000204e+00
3.146959999999999980e+00
3.135920000000000041e+00
3.144400000000000084e+00
3.146399999999999864e+00
3.131200000000000205e+00
3.141360000000000152e+00
3.140719999999999956e+00
3.132880000000000109e+00
3.135279999999999845e+00
3.142399999999999860e+00
3.141919999999999824e+00
3.126479999999999926e+00
3.145360000000000156e+00
3.140239999999999920e+00
3.135759999999999881e+00
3.152639999999999887e+00
3.143120000000000136e+00
3.151199999999999779e+00
3.145919999999999828e+00
3.134799999999999809e+00
3.134479999999999933e+00
3.149119999999999919e+00
3.138320000000000221e+00
3.146879999999999900e+00
3.139120000000000132e+00
